318 502
309 559
310 619
328 682
350 744
380 805
412 868
444 923
501 947
578 945
662 914
747 873
823 820
877 748
901 661
906 572
908 483
307 416
325 392
360 390
398 398
433 415
522 409
581 384
644 375
706 387
760 416
474 479
465 526
453 573
441 619
421 666
441 678
465 686
495 678
524 669
342 489
366 468
403 467
438 495
402 506
364 507
577 491
611 462
655 459
695 478
660 497
615 499
402 770
419 744
447 729
469 738
492 730
543 746
601 771
547 805
500 820
474 821
449 817
422 798
417 769
449 768
471 770
495 769
580 771
496 771
472 772
449 769
