0.1289 0.4922 2.7948
0.1299 0.5791 2.7455
0.1387 0.6689 2.7706
0.1592 0.7529 2.7577
0.208 0.8252 2.7142
0.2803 0.8809 2.6588
0.3633 0.9199 2.6354
0.4453 0.9443 2.6121
0.5186 0.9443 2.612
0.5762 0.9258 2.6866
0.6094 0.877 2.7198
0.6348 0.8193 2.7723
0.6523 0.7559 2.8821
0.666 0.6924 2.9584
0.6777 0.6289 2.9743
0.6797 0.5635 3.0049
0.6719 0.502 3.0116
0.2695 0.4346 2.6028
0.3174 0.3965 2.5831
0.3779 0.3779 2.5761
0.4395 0.3809 2.5283
0.498 0.4004 2.5658
0.5664 0.4053 2.5674
0.6016 0.3916 2.6328
0.6396 0.3867 2.6886
0.6729 0.3994 2.7291
0.6836 0.4336 2.7942
0.5332 0.4678 2.5403
0.5449 0.5205 2.5219
0.5586 0.5713 2.5005
0.5723 0.624 2.4688
0.4844 0.6631 2.5186
0.5156 0.6709 2.5278
0.5469 0.6768 2.5176
0.5713 0.6699 2.5594
0.5928 0.6572 2.5832
0.3398 0.4736 2.6095
0.3721 0.4531 2.6183
0.4092 0.4521 2.6147
0.4404 0.4766 2.6179
0.4092 0.4844 2.6386
0.3721 0.4854 2.6003
0.5586 0.4785 2.667
0.5889 0.4541 2.6781
0.6211 0.4551 2.6951
0.6396 0.4756 2.7467
0.6221 0.4873 2.7157
0.5889 0.4863 2.6764
0.418 0.752 2.5682
0.4668 0.7324 2.5156
0.5107 0.7217 2.5346
0.5391 0.7305 2.5464
0.5645 0.7217 2.5438
0.5869 0.7324 2.5545
0.5977 0.7539 2.6181
0.5859 0.7734 2.5828
0.5645 0.7852 2.5499
0.5371 0.7881 2.5765
0.5059 0.7861 2.5505
0.4648 0.7744 2.5414
0.4365 0.751 2.5676
0.5088 0.749 2.5608
0.5381 0.752 2.547
0.5635 0.748 2.579
0.5859 0.752 2.6142
0.5645 0.748 2.5509
0.5391 0.752 2.5705
0.5098 0.749 2.5458
