0.2266 0.5244 2.8587
0.2256 0.5947 2.9096
0.2266 0.666 2.88
0.2373 0.7383 2.8477
0.2578 0.8066 2.7604
0.2959 0.8652 2.7358
0.3486 0.915 2.6525
0.4131 0.9512 2.6061
0.4912 0.96 2.6083
0.5713 0.9521 2.5963
0.6387 0.9209 2.6591
0.6982 0.876 2.6913
0.7441 0.8184 2.7281
0.7695 0.7471 2.8306
0.7803 0.6719 2.847
0.7852 0.5977 2.8728
0.7871 0.5244 2.8517
0.2754 0.4463 2.6745
0.2969 0.3916 2.6401
0.3486 0.3613 2.5812
0.4072 0.3574 2.5502
0.4609 0.376 2.5376
0.5352 0.3779 2.547
0.5918 0.3613 2.5315
0.6514 0.3662 2.5636
0.7041 0.3965 2.6271
0.7295 0.4482 2.647
0.4961 0.4443 2.5217
0.4951 0.4844 2.4914
0.4932 0.5234 2.4779
0.4922 0.5654 2.4189
0.4385 0.6182 2.5295
0.4648 0.625 2.5156
0.4951 0.6318 2.5018
0.5254 0.624 2.5231
0.5547 0.6162 2.5162
0.333 0.4805 2.6754
0.3574 0.4629 2.7043
0.3887 0.459 2.6439
0.4248 0.4717 2.626
0.3906 0.4785 2.6266
0.3604 0.4824 2.614
0.5732 0.4697 2.6656
0.6055 0.4561 2.6377
0.6367 0.4609 2.6225
0.665 0.4766 2.6457
0.6348 0.4785 2.6389
0.6035 0.4756 2.6208
0.3828 0.7373 2.5925
0.4219 0.7119 2.5207
0.4629 0.6992 2.5016
0.4961 0.7061 2.4727
0.5264 0.6992 2.5095
0.5703 0.7119 2.5202
0.6094 0.7393 2.5372
0.5703 0.7646 2.5371
0.5303 0.7764 2.5469
0.4951 0.7783 2.5041
0.4609 0.7754 2.5099
0.4209 0.7627 2.5223
0.4004 0.7373 2.5831
0.4629 0.7246 2.5158
0.4961 0.7266 2.5533
0.5273 0.7246 2.4979
0.5928 0.7373 2.5899
0.5283 0.7412 2.5291
0.4951 0.7441 2.5284
0.4619 0.7412 2.5082
