0.3105 0.4902 2.9735
0.3018 0.5459 2.9935
0.3027 0.6045 2.9827
0.3203 0.666 2.9278
0.3418 0.7266 2.88
0.3711 0.7861 2.7753
0.4023 0.8477 2.7121
0.4336 0.9014 2.6635
0.4893 0.9248 2.6078
0.5645 0.9229 2.5922
0.6465 0.8926 2.628
0.7295 0.8525 2.6526
0.8037 0.8008 2.7094
0.8564 0.7305 2.7776
0.8799 0.6455 2.7917
0.8848 0.5586 2.8152
0.8867 0.4717 2.7896
0.2998 0.4062 2.7794
0.3174 0.3828 2.7238
0.3516 0.3809 2.7166
0.3887 0.3887 2.6036
0.4229 0.4053 2.5873
0.5098 0.3994 2.5299
0.5674 0.375 2.5637
0.6289 0.3662 2.5516
0.6895 0.3779 2.5753
0.7422 0.4062 2.6378
0.4629 0.4678 2.5329
0.4541 0.5137 2.515
0.4424 0.5596 2.4814
0.4307 0.6045 2.4744
0.4111 0.6504 2.5594
0.4307 0.6621 2.5296
0.4541 0.6699 2.5329
0.4834 0.6621 2.5258
0.5117 0.6533 2.5262
0.334 0.4775 2.7584
0.3574 0.457 2.6828
0.3936 0.4561 2.6633
0.4277 0.4834 2.6602
0.3926 0.4941 2.6702
0.3555 0.4951 2.7165
0.5635 0.4795 2.5945
0.5967 0.4512 2.5923
0.6396 0.4482 2.579
0.6787 0.4668 2.6073
0.6445 0.4854 2.5995
0.6006 0.4873 2.6122
0.3926 0.752 2.6069
0.4092 0.7266 2.602
0.4365 0.7119 2.5194
0.458 0.7207 2.5401
0.4805 0.7129 2.4984
0.5303 0.7285 2.5272
0.5869 0.7529 2.5007
0.5342 0.7861 2.5644
0.4883 0.8008 2.5403
0.4629 0.8018 2.575
0.4385 0.7979 2.5501
0.4121 0.7793 2.5775
0.4072 0.751 2.5967
0.4385 0.75 2.5562
0.46 0.752 2.5958
0.4834 0.751 2.534
0.5664 0.7529 2.5563
0.4844 0.7529 2.5493
0.4609 0.7539 2.5633
0.4385 0.751 2.5717
