0.2266 0.5244 2.8673
0.2256 0.5947 2.8719
0.2266 0.666 2.901
0.2373 0.7383 2.8382
0.2578 0.8066 2.758
0.2959 0.8652 2.7107
0.3486 0.915 2.68
0.4131 0.9512 2.6319
0.4912 0.96 2.6106
0.5713 0.9521 2.6728
0.6387 0.9209 2.6464
0.6982 0.876 2.6562
0.7441 0.8184 2.7645
0.7695 0.7471 2.8152
0.7803 0.6719 2.8685
0.7852 0.5977 2.8427
0.7871 0.5244 2.8663
0.2754 0.4463 2.6965
0.2969 0.3916 2.6329
0.3486 0.3613 2.6054
0.4072 0.3574 2.5456
0.4609 0.376 2.5788
0.5352 0.3779 2.5372
0.5918 0.3613 2.5737
0.6514 0.3662 2.5475
0.7041 0.3965 2.6581
0.7295 0.4482 2.6945
0.4961 0.4443 2.4813
0.4951 0.4844 2.5012
0.4932 0.5234 2.4621
0.4922 0.5654 2.4573
0.4385 0.6182 2.5527
0.4648 0.625 2.5094
0.4951 0.6318 2.4931
0.5254 0.624 2.5164
0.5547 0.6162 2.5085
0.333 0.4805 2.6935
0.3574 0.4629 2.6438
0.3887 0.459 2.6467
0.4248 0.4717 2.6134
0.3906 0.4785 2.6168
0.3604 0.4824 2.6419
0.5732 0.4697 2.6066
0.6055 0.4561 2.5998
0.6367 0.4609 2.6517
0.665 0.4766 2.6251
0.6348 0.4785 2.6571
0.6035 0.4756 2.6529
0.3828 0.7373 2.5821
0.4219 0.7119 2.5005
0.4629 0.6992 2.5081
0.4961 0.7061 2.4656
0.5264 0.6992 2.4774
0.5703 0.7119 2.5155
0.6094 0.7393 2.5637
0.5703 0.7646 2.5409
0.5303 0.7764 2.5643
0.4951 0.7783 2.5198
0.4609 0.7754 2.5285
0.4209 0.7627 2.5292
0.4004 0.7373 2.5791
0.4629 0.7246 2.5181
0.4961 0.7266 2.5122
0.5273 0.7246 2.5447
0.5928 0.7373 2.5911
0.5283 0.7412 2.5053
0.4951 0.7441 2.4961
0.4619 0.7412 2.5549
