0.3105 0.4902 2.9719
0.3018 0.5459 2.9775
0.3027 0.6045 2.9576
0.3203 0.666 2.9326
0.3418 0.7266 2.8541
0.3711 0.7861 2.7636
0.4023 0.8477 2.7177
0.4336 0.9014 2.6707
0.4893 0.9248 2.627
0.5645 0.9229 2.6197
0.6465 0.8926 2.6325
0.7295 0.8525 2.6524
0.8037 0.8008 2.7097
0.8564 0.7305 2.7727
0.8799 0.6455 2.7851
0.8848 0.5586 2.7948
0.8867 0.4717 2.7809
0.2998 0.4062 2.77
0.3174 0.3828 2.7118
0.3516 0.3809 2.6722
0.3887 0.3887 2.6201
0.4229 0.4053 2.5904
0.5098 0.3994 2.5571
0.5674 0.375 2.5395
0.6289 0.3662 2.5529
0.6895 0.3779 2.5749
0.7422 0.4062 2.6151
0.4629 0.4678 2.5449
0.4541 0.5137 2.5155
0.4424 0.5596 2.4853
0.4307 0.6045 2.4647
0.4111 0.6504 2.5691
0.4307 0.6621 2.5516
0.4541 0.6699 2.5191
0.4834 0.6621 2.5275
0.5117 0.6533 2.5244
0.334 0.4775 2.7441
0.3574 0.457 2.7102
0.3936 0.4561 2.6753
0.4277 0.4834 2.6641
0.3926 0.4941 2.6767
0.3555 0.4951 2.7075
0.5635 0.4795 2.6121
0.5967 0.4512 2.6055
0.6396 0.4482 2.5997
0.6787 0.4668 2.6142
0.6445 0.4854 2.5947
0.6006 0.4873 2.5973
0.3926 0.752 2.6214
0.4092 0.7266 2.5613
0.4365 0.7119 2.5232
0.458 0.7207 2.5118
0.4805 0.7129 2.508
0.5303 0.7285 2.5195
0.5869 0.7529 2.5579
0.5342 0.7861 2.5413
0.4883 0.8008 2.5383
0.4629 0.8018 2.5444
0.4385 0.7979 2.5576
0.4121 0.7793 2.5875
0.4072 0.751 2.62
0.4385 0.75 2.5563
0.46 0.752 2.5451
0.4834 0.751 2.5376
0.5664 0.7529 2.5613
0.4844 0.7529 2.5378
0.4609 0.7539 2.5424
0.4385 0.751 2.5553
