0.1289 0.4922 2.7287
0.1299 0.5791 2.7707
0.1387 0.6689 2.754
0.1592 0.7529 2.7691
0.208 0.8252 2.6978
0.2803 0.8809 2.6729
0.3633 0.9199 2.655
0.4453 0.9443 2.6396
0.5186 0.9443 2.6547
0.5762 0.9258 2.6594
0.6094 0.877 2.7038
0.6348 0.8193 2.7938
0.6523 0.7559 2.8572
0.666 0.6924 2.9125
0.6777 0.6289 2.983
0.6797 0.5635 3.0039
0.6719 0.502 2.9378
0.2695 0.4346 2.6158
0.3174 0.3965 2.5858
0.3779 0.3779 2.5738
0.4395 0.3809 2.5456
0.498 0.4004 2.6036
0.5664 0.4053 2.6313
0.6016 0.3916 2.6317
0.6396 0.3867 2.6533
0.6729 0.3994 2.7531
0.6836 0.4336 2.7681
0.5332 0.4678 2.5425
0.5449 0.5205 2.5472
0.5586 0.5713 2.4825
0.5723 0.624 2.4887
0.4844 0.6631 2.5077
0.5156 0.6709 2.4913
0.5469 0.6768 2.5086
0.5713 0.6699 2.545
0.5928 0.6572 2.5965
0.3398 0.4736 2.6022
0.3721 0.4531 2.5961
0.4092 0.4521 2.617
0.4404 0.4766 2.6356
0.4092 0.4844 2.5785
0.3721 0.4854 2.5968
0.5586 0.4785 2.6611
0.5889 0.4541 2.68
0.6211 0.4551 2.7143
0.6396 0.4756 2.7578
0.6221 0.4873 2.698
0.5889 0.4863 2.6988
0.418 0.752 2.5242
0.4668 0.7324 2.504
0.5107 0.7217 2.549
0.5391 0.7305 2.4784
0.5645 0.7217 2.5707
0.5869 0.7324 2.5679
0.5977 0.7539 2.6416
0.5859 0.7734 2.6417
0.5645 0.7852 2.5573
0.5371 0.7881 2.5442
0.5059 0.7861 2.5732
0.4648 0.7744 2.5455
0.4365 0.751 2.5501
0.5088 0.749 2.5806
0.5381 0.752 2.5273
0.5635 0.748 2.535
0.5859 0.752 2.6353
0.5645 0.748 2.5577
0.5391 0.752 2.5294
0.5098 0.749 2.5314
