132 504
133 593
142 685
163 771
213 845
287 902
372 942
456 967
531 967
590 948
624 898
650 839
668 774
682 709
694 644
696 577
688 514
276 445
325 406
387 387
450 390
510 410
580 415
616 401
655 396
689 409
700 444
546 479
558 533
572 585
586 639
496 679
528 687
560 693
585 686
607 673
348 485
381 464
419 463
451 488
419 496
381 497
572 490
603 465
636 466
655 487
637 499
603 498
428 770
478 750
523 739
552 748
578 739
601 750
612 772
600 792
578 804
550 807
518 805
476 793
447 769
521 767
551 770
577 766
600 770
578 766
552 770
522 767
