232 537
231 609
232 682
243 756
264 826
303 886
357 937
423 974
503 983
585 975
654 943
715 897
762 838
788 765
799 688
804 612
806 537
282 457
304 401
357 370
417 366
472 385
548 387
606 370
667 375
721 406
747 459
508 455
507 496
505 536
504 579
449 633
476 640
507 647
538 639
568 631
341 492
366 474
398 470
435 483
400 490
369 494
587 481
620 467
652 472
681 488
650 490
618 487
392 755
432 729
474 716
508 723
539 716
584 729
624 757
584 783
543 795
507 797
472 794
431 781
410 755
474 742
508 744
540 742
607 755
541 759
507 762
473 759
